Phi atom name  C   res 0 4.408000 3.341000 0.256000 tor 0.000000
psi atom name  O   res 0 4.553000 4.394000 -0.363000 tor 139.058191
omega atom name  CA  res 0 3.225000 3.144000 1.197000 tor 0.000000
Phi atom name  C   res 1 5.817000 2.568000 -2.230000 tor -54.447744
psi atom name  O   res 1 6.341000 3.415000 -2.955000 tor 130.846601
omega atom name  CA  res 1 6.339000 2.318000 -0.818000 tor 173.158199
Phi atom name  C   res 2 3.638000 3.379000 -4.143000 tor -60.766329
psi atom name  O   res 2 3.791000 3.962000 -5.217000 tor 138.661546
omega atom name  CA  res 2 4.185000 1.971000 -3.935000 tor 179.677436
Phi atom name  C   res 3 3.535000 6.317000 -3.294000 tor -66.803890
psi atom name  O   res 3 3.349000 7.350000 -3.939000 tor 146.679087
omega atom name  CA  res 3 2.439000 5.264000 -3.175000 tor 179.673712
Start time = 1371050646.220330
Aa 0 0 0
Before
 N   0 2.670000 1.801000 1.072000 0.000000 0.000000
 CA  0 3.225000 3.144000 1.197000 0.000000 0.000000
 C   0 4.408000 3.341000 0.256000 0.000000 111.185791
 O   0 4.553000 4.394000 -0.363000 139.058191 120.847742
 CB  0 3.660000 3.405000 2.631000 -122.013897 110.341478
 H   0 2.814000 1.145000 1.809000 0.000000 0.000000
 HA  0 2.482000 3.877000 0.920000 117.981227 109.951728
 N   1 5.252000 2.319000 0.153000 -179.972311 116.177457
 CA  1 6.339000 2.318000 -0.818000 173.158199 121.708614
 C   1 5.817000 2.568000 -2.230000 -54.447744 111.173857
 O   1 6.341000 3.415000 -2.955000 130.846601 120.775951
 CB  1 7.088000 0.994000 -0.776000 -121.967059 110.443203
 H   1 5.079000 1.491000 0.681000 0.015900 119.154883
 HA  1 7.032000 3.116000 -0.598000 117.958494 110.027299
 N   2 4.783000 1.826000 -2.613000 179.996941 116.187209
 CA  2 4.185000 1.971000 -3.935000 179.677436 121.654531
 C   2 3.638000 3.379000 -4.143000 -60.766329 111.260903
 O   2 3.791000 3.962000 -5.217000 138.661546 120.764981
 CB  2 3.071000 0.954000 -4.126000 -122.061775 110.355601
 H   2 4.403000 1.157000 -1.979000 0.035093 119.203705
 HA  2 4.934000 1.813000 -4.698000 117.985591 109.955346
 N   3 3.003000 3.921000 -3.109000 -179.853628 116.223786
 CA  3 2.439000 5.264000 -3.175000 179.673712 121.684433
 C   3 3.535000 6.317000 -3.294000 -66.803890 111.200551
 O   3 3.349000 7.350000 -3.939000 146.679087 120.762917
 CB  3 1.592000 5.543000 -1.942000 -121.935749 110.334323
 H   3 2.913000 3.397000 -2.266000 -0.107750 119.131816
 HA  3 1.817000 5.360000 -4.052000 118.115012 109.972388
After
 N   0 2.670000 1.801000 1.072000 0.000000 0.000000
 CA  0 3.225000 3.144000 1.197000 175.053360 0.000000
 C   0 4.408000 3.341000 0.256000 -169.883555 112.786206
 O   0 4.553000 4.394000 -0.363000 13.919952 120.847742
 CB  0 3.660000 3.405000 2.631000 -122.013897 110.341478
 H   0 2.814000 1.145000 1.809000 0.000000 0.000000
 HA  0 2.482000 3.877000 0.920000 117.981227 109.951728
 N   1 5.252000 2.319000 0.153000 -179.972311 116.177457
 CA  1 6.339000 2.318000 -0.818000 182.963197 121.708614
 C   1 5.817000 2.568000 -2.230000 -179.123276 112.642659
 O   1 6.341000 3.415000 -2.955000 23.356509 120.775951
 CB  1 7.088000 0.994000 -0.776000 -121.967059 110.443203
 H   1 5.079000 1.491000 0.681000 0.015900 119.154883
 HA  1 7.032000 3.116000 -0.598000 117.958494 110.027299
 N   2 4.783000 1.826000 -2.613000 179.996941 116.187209
 CA  2 4.185000 1.971000 -3.935000 179.300292 121.654531
 C   2 3.638000 3.379000 -4.143000 175.105472 112.227550
 O   2 3.791000 3.962000 -5.217000 21.687440 120.764981
 CB  2 3.071000 0.954000 -4.126000 -122.061775 110.355601
 H   2 4.403000 1.157000 -1.979000 0.035093 119.203705
 HA  2 4.934000 1.813000 -4.698000 117.985591 109.955346
 N   3 3.003000 3.921000 -3.109000 -179.853628 116.223786
 CA  3 2.439000 5.264000 -3.175000 178.239498 121.684433
 C   3 3.535000 6.317000 -3.294000 -169.735701 112.202326
 O   3 3.349000 7.350000 -3.939000 0.747909 120.762917
 CB  3 1.592000 5.543000 -1.942000 -121.935749 110.334323
 H   3 2.913000 3.397000 -2.266000 -0.107750 119.131816
 HA  3 1.817000 5.360000 -4.052000 118.115012 109.972388
Before
 N   0 2.670000 1.801000 1.072000 0.000000 0.000000
 CA  0 3.225000 3.144000 1.197000 175.053360 0.000000
 C   0 4.408000 3.341000 0.256000 -169.883555 112.786206
 O   0 4.553000 4.394000 -0.363000 13.919952 120.847742
 CB  0 3.660000 3.405000 2.631000 -122.013897 110.341478
 H   0 2.814000 1.145000 1.809000 0.000000 0.000000
 HA  0 2.482000 3.877000 0.920000 117.981227 109.951728
 N   1 5.252000 2.319000 0.153000 -179.972311 116.177457
 CA  1 6.339000 2.318000 -0.818000 182.963197 121.708614
 C   1 5.817000 2.568000 -2.230000 -179.123276 112.642659
 O   1 6.341000 3.415000 -2.955000 23.356509 120.775951
 CB  1 7.088000 0.994000 -0.776000 -121.967059 110.443203
 H   1 5.079000 1.491000 0.681000 0.015900 119.154883
 HA  1 7.032000 3.116000 -0.598000 117.958494 110.027299
 N   2 4.783000 1.826000 -2.613000 179.996941 116.187209
 CA  2 4.185000 1.971000 -3.935000 179.300292 121.654531
 C   2 3.638000 3.379000 -4.143000 175.105472 112.227550
 O   2 3.791000 3.962000 -5.217000 21.687440 120.764981
 CB  2 3.071000 0.954000 -4.126000 -122.061775 110.355601
 H   2 4.403000 1.157000 -1.979000 0.035093 119.203705
 HA  2 4.934000 1.813000 -4.698000 117.985591 109.955346
 N   3 3.003000 3.921000 -3.109000 -179.853628 116.223786
 CA  3 2.439000 5.264000 -3.175000 178.239498 121.684433
 C   3 3.535000 6.317000 -3.294000 -169.735701 112.202326
 O   3 3.349000 7.350000 -3.939000 0.747909 120.762917
 CB  3 1.592000 5.543000 -1.942000 -121.935749 110.334323
 H   3 2.913000 3.397000 -2.266000 -0.107750 119.131816
 HA  3 1.817000 5.360000 -4.052000 118.115012 109.972388
After
 N   0 2.670000 1.801000 1.072000 0.000000 0.000000
 CA  0 3.225000 3.144000 1.197000 175.946825 0.000000
 C   0 4.408000 3.341000 0.256000 178.693820 111.708598
 O   0 4.553000 4.394000 -0.363000 22.586352 120.847742
 CB  0 3.660000 3.405000 2.631000 -122.013897 110.341478
 H   0 2.814000 1.145000 1.809000 0.000000 0.000000
 HA  0 2.482000 3.877000 0.920000 117.981227 109.951728
 N   1 5.252000 2.319000 0.153000 -179.972311 116.177457
 CA  1 6.339000 2.318000 -0.818000 175.723477 121.708614
 C   1 5.817000 2.568000 -2.230000 -179.672257 112.588730
 O   1 6.341000 3.415000 -2.955000 16.841940 120.775951
 CB  1 7.088000 0.994000 -0.776000 -121.967059 110.443203
 H   1 5.079000 1.491000 0.681000 0.015900 119.154883
 HA  1 7.032000 3.116000 -0.598000 117.958494 110.027299
 N   2 4.783000 1.826000 -2.613000 179.996941 116.187209
 CA  2 4.185000 1.971000 -3.935000 175.021212 121.654531
 C   2 3.638000 3.379000 -4.143000 -176.402397 112.397446
 O   2 3.791000 3.962000 -5.217000 20.219432 120.764981
 CB  2 3.071000 0.954000 -4.126000 -122.061775 110.355601
 H   2 4.403000 1.157000 -1.979000 0.035093 119.203705
 HA  2 4.934000 1.813000 -4.698000 117.985591 109.955346
 N   3 3.003000 3.921000 -3.109000 -179.853628 116.223786
 CA  3 2.439000 5.264000 -3.175000 176.707322 121.684433
 C   3 3.535000 6.317000 -3.294000 -175.975496 111.088991
 O   3 3.349000 7.350000 -3.939000 -60.808835 120.762917
 CB  3 1.592000 5.543000 -1.942000 -121.935749 110.334323
 H   3 2.913000 3.397000 -2.266000 -0.107750 119.131816
 HA  3 1.817000 5.360000 -4.052000 118.115012 109.972388
Before
 N   0 2.670000 1.801000 1.072000 0.000000 0.000000
 CA  0 3.225000 3.144000 1.197000 175.946825 0.000000
 C   0 4.408000 3.341000 0.256000 178.693820 111.708598
 O   0 4.553000 4.394000 -0.363000 22.586352 120.847742
 CB  0 3.660000 3.405000 2.631000 -122.013897 110.341478
 H   0 2.814000 1.145000 1.809000 0.000000 0.000000
 HA  0 2.482000 3.877000 0.920000 117.981227 109.951728
 N   1 5.252000 2.319000 0.153000 -179.972311 116.177457
 CA  1 6.339000 2.318000 -0.818000 175.723477 121.708614
 C   1 5.817000 2.568000 -2.230000 -179.672257 112.588730
 O   1 6.341000 3.415000 -2.955000 16.841940 120.775951
 CB  1 7.088000 0.994000 -0.776000 -121.967059 110.443203
 H   1 5.079000 1.491000 0.681000 0.015900 119.154883
 HA  1 7.032000 3.116000 -0.598000 117.958494 110.027299
 N   2 4.783000 1.826000 -2.613000 179.996941 116.187209
 CA  2 4.185000 1.971000 -3.935000 175.021212 121.654531
 C   2 3.638000 3.379000 -4.143000 -176.402397 112.397446
 O   2 3.791000 3.962000 -5.217000 20.219432 120.764981
 CB  2 3.071000 0.954000 -4.126000 -122.061775 110.355601
 H   2 4.403000 1.157000 -1.979000 0.035093 119.203705
 HA  2 4.934000 1.813000 -4.698000 117.985591 109.955346
 N   3 3.003000 3.921000 -3.109000 -179.853628 116.223786
 CA  3 2.439000 5.264000 -3.175000 176.707322 121.684433
 C   3 3.535000 6.317000 -3.294000 -175.975496 111.088991
 O   3 3.349000 7.350000 -3.939000 -60.808835 120.762917
 CB  3 1.592000 5.543000 -1.942000 -121.935749 110.334323
 H   3 2.913000 3.397000 -2.266000 -0.107750 119.131816
 HA  3 1.817000 5.360000 -4.052000 118.115012 109.972388
After
 N   0 2.670000 1.801000 1.072000 0.000000 0.000000
 CA  0 3.225000 3.144000 1.197000 175.475759 0.000000
 C   0 4.408000 3.341000 0.256000 -172.822263 111.512551
 O   0 4.553000 4.394000 -0.363000 8.196743 120.847742
 CB  0 3.660000 3.405000 2.631000 -122.013897 110.341478
 H   0 2.814000 1.145000 1.809000 0.000000 0.000000
 HA  0 2.482000 3.877000 0.920000 117.981227 109.951728
 N   1 5.252000 2.319000 0.153000 -179.972311 116.177457
 CA  1 6.339000 2.318000 -0.818000 180.077092 121.708614
 C   1 5.817000 2.568000 -2.230000 -176.347520 111.927581
 O   1 6.341000 3.415000 -2.955000 29.330596 120.775951
 CB  1 7.088000 0.994000 -0.776000 -121.967059 110.443203
 H   1 5.079000 1.491000 0.681000 0.015900 119.154883
 HA  1 7.032000 3.116000 -0.598000 117.958494 110.027299
 N   2 4.783000 1.826000 -2.613000 179.996941 116.187209
 CA  2 4.185000 1.971000 -3.935000 176.318799 121.654531
 C   2 3.638000 3.379000 -4.143000 -166.542582 112.268191
 O   2 3.791000 3.962000 -5.217000 -84.403219 120.764981
 CB  2 3.071000 0.954000 -4.126000 -122.061775 110.355601
 H   2 4.403000 1.157000 -1.979000 0.035093 119.203705
 HA  2 4.934000 1.813000 -4.698000 117.985591 109.955346
 N   3 3.003000 3.921000 -3.109000 -179.853628 116.223786
 CA  3 2.439000 5.264000 -3.175000 182.154966 121.684433
 C   3 3.535000 6.317000 -3.294000 -167.814349 111.999152
 O   3 3.349000 7.350000 -3.939000 6.754872 120.762917
 CB  3 1.592000 5.543000 -1.942000 -121.935749 110.334323
 H   3 2.913000 3.397000 -2.266000 -0.107750 119.131816
 HA  3 1.817000 5.360000 -4.052000 118.115012 109.972388
Before
 N   0 2.670000 1.801000 1.072000 0.000000 0.000000
 CA  0 3.225000 3.144000 1.197000 175.475759 0.000000
 C   0 4.408000 3.341000 0.256000 -172.822263 111.512551
 O   0 4.553000 4.394000 -0.363000 8.196743 120.847742
 CB  0 3.660000 3.405000 2.631000 -122.013897 110.341478
 H   0 2.814000 1.145000 1.809000 0.000000 0.000000
 HA  0 2.482000 3.877000 0.920000 117.981227 109.951728
 N   1 5.252000 2.319000 0.153000 -179.972311 116.177457
 CA  1 6.339000 2.318000 -0.818000 180.077092 121.708614
 C   1 5.817000 2.568000 -2.230000 -176.347520 111.927581
 O   1 6.341000 3.415000 -2.955000 29.330596 120.775951
 CB  1 7.088000 0.994000 -0.776000 -121.967059 110.443203
 H   1 5.079000 1.491000 0.681000 0.015900 119.154883
 HA  1 7.032000 3.116000 -0.598000 117.958494 110.027299
 N   2 4.783000 1.826000 -2.613000 179.996941 116.187209
 CA  2 4.185000 1.971000 -3.935000 176.318799 121.654531
 C   2 3.638000 3.379000 -4.143000 -166.542582 112.268191
 O   2 3.791000 3.962000 -5.217000 -84.403219 120.764981
 CB  2 3.071000 0.954000 -4.126000 -122.061775 110.355601
 H   2 4.403000 1.157000 -1.979000 0.035093 119.203705
 HA  2 4.934000 1.813000 -4.698000 117.985591 109.955346
 N   3 3.003000 3.921000 -3.109000 -179.853628 116.223786
 CA  3 2.439000 5.264000 -3.175000 182.154966 121.684433
 C   3 3.535000 6.317000 -3.294000 -167.814349 111.999152
 O   3 3.349000 7.350000 -3.939000 6.754872 120.762917
 CB  3 1.592000 5.543000 -1.942000 -121.935749 110.334323
 H   3 2.913000 3.397000 -2.266000 -0.107750 119.131816
 HA  3 1.817000 5.360000 -4.052000 118.115012 109.972388
After
 N   0 2.670000 1.801000 1.072000 0.000000 0.000000
 CA  0 3.225000 3.144000 1.197000 184.711009 0.000000
 C   0 4.408000 3.341000 0.256000 -174.212826 111.151677
 O   0 4.553000 4.394000 -0.363000 25.868655 120.847742
 CB  0 3.660000 3.405000 2.631000 -122.013897 110.341478
 H   0 2.814000 1.145000 1.809000 0.000000 0.000000
 HA  0 2.482000 3.877000 0.920000 117.981227 109.951728
 N   1 5.252000 2.319000 0.153000 -179.972311 116.177457
 CA  1 6.339000 2.318000 -0.818000 181.011224 121.708614
 C   1 5.817000 2.568000 -2.230000 166.062626 111.600170
 O   1 6.341000 3.415000 -2.955000 25.407774 120.775951
 CB  1 7.088000 0.994000 -0.776000 -121.967059 110.443203
 H   1 5.079000 1.491000 0.681000 0.015900 119.154883
 HA  1 7.032000 3.116000 -0.598000 117.958494 110.027299
 N   2 4.783000 1.826000 -2.613000 179.996941 116.187209
 CA  2 4.185000 1.971000 -3.935000 180.324619 121.654531
 C   2 3.638000 3.379000 -4.143000 177.860828 111.310852
 O   2 3.791000 3.962000 -5.217000 -78.062475 120.764981
 CB  2 3.071000 0.954000 -4.126000 -122.061775 110.355601
 H   2 4.403000 1.157000 -1.979000 0.035093 119.203705
 HA  2 4.934000 1.813000 -4.698000 117.985591 109.955346
 N   3 3.003000 3.921000 -3.109000 -179.853628 116.223786
 CA  3 2.439000 5.264000 -3.175000 184.604307 121.684433
 C   3 3.535000 6.317000 -3.294000 -168.426178 112.126431
 O   3 3.349000 7.350000 -3.939000 -66.035656 120.762917
 CB  3 1.592000 5.543000 -1.942000 -121.935749 110.334323
 H   3 2.913000 3.397000 -2.266000 -0.107750 119.131816
 HA  3 1.817000 5.360000 -4.052000 118.115012 109.972388
Aj 0 0 0
Before
 N   0 2.670000 1.801000 1.072000 0.000000 0.000000
 CA  0 3.225000 3.144000 1.197000 184.711009 0.000000
 C   0 4.408000 3.341000 0.256000 -174.212826 111.151677
 O   0 4.553000 4.394000 -0.363000 25.868655 120.847742
 CB  0 3.660000 3.405000 2.631000 -122.013897 110.341478
 H   0 2.814000 1.145000 1.809000 0.000000 0.000000
 HA  0 2.482000 3.877000 0.920000 117.981227 109.951728
 N   1 5.252000 2.319000 0.153000 -179.972311 116.177457
 CA  1 6.339000 2.318000 -0.818000 181.011224 121.708614
 C   1 5.817000 2.568000 -2.230000 166.062626 111.600170
 O   1 6.341000 3.415000 -2.955000 25.407774 120.775951
 CB  1 7.088000 0.994000 -0.776000 -121.967059 110.443203
 H   1 5.079000 1.491000 0.681000 0.015900 119.154883
 HA  1 7.032000 3.116000 -0.598000 117.958494 110.027299
 N   2 4.783000 1.826000 -2.613000 179.996941 116.187209
 CA  2 4.185000 1.971000 -3.935000 180.324619 121.654531
 C   2 3.638000 3.379000 -4.143000 177.860828 111.310852
 O   2 3.791000 3.962000 -5.217000 -78.062475 120.764981
 CB  2 3.071000 0.954000 -4.126000 -122.061775 110.355601
 H   2 4.403000 1.157000 -1.979000 0.035093 119.203705
 HA  2 4.934000 1.813000 -4.698000 117.985591 109.955346
 N   3 3.003000 3.921000 -3.109000 -179.853628 116.223786
 CA  3 2.439000 5.264000 -3.175000 184.604307 121.684433
 C   3 3.535000 6.317000 -3.294000 -168.426178 112.126431
 O   3 3.349000 7.350000 -3.939000 -66.035656 120.762917
 CB  3 1.592000 5.543000 -1.942000 -121.935749 110.334323
 H   3 2.913000 3.397000 -2.266000 -0.107750 119.131816
 HA  3 1.817000 5.360000 -4.052000 118.115012 109.972388
After
 N   0 2.670000 1.801000 1.072000 0.000000 0.000000
 CA  0 3.225000 3.144000 1.197000 176.995214 0.000000
 C   0 4.408000 3.341000 0.256000 -171.821157 112.597378
 O   0 4.553000 4.394000 -0.363000 22.010048 120.847742
 CB  0 3.660000 3.405000 2.631000 -122.013897 110.341478
 H   0 2.814000 1.145000 1.809000 0.000000 0.000000
 HA  0 2.482000 3.877000 0.920000 117.981227 109.951728
 N   1 5.252000 2.319000 0.153000 -179.972311 116.177457
 CA  1 6.339000 2.318000 -0.818000 179.132258 121.708614
 C   1 5.817000 2.568000 -2.230000 -176.086109 111.811992
 O   1 6.341000 3.415000 -2.955000 -67.857098 120.775951
 CB  1 7.088000 0.994000 -0.776000 -121.967059 110.443203
 H   1 5.079000 1.491000 0.681000 0.015900 119.154883
 HA  1 7.032000 3.116000 -0.598000 117.958494 110.027299
 N   2 4.783000 1.826000 -2.613000 179.996941 116.187209
 CA  2 4.185000 1.971000 -3.935000 181.942690 121.654531
 C   2 3.638000 3.379000 -4.143000 171.050081 112.773064
 O   2 3.791000 3.962000 -5.217000 24.020983 120.764981
 CB  2 3.071000 0.954000 -4.126000 -122.061775 110.355601
 H   2 4.403000 1.157000 -1.979000 0.035093 119.203705
 HA  2 4.934000 1.813000 -4.698000 117.985591 109.955346
 N   3 3.003000 3.921000 -3.109000 -179.853628 116.223786
 CA  3 2.439000 5.264000 -3.175000 182.383382 121.684433
 C   3 3.535000 6.317000 -3.294000 -171.088949 111.432893
 O   3 3.349000 7.350000 -3.939000 7.877140 120.762917
 CB  3 1.592000 5.543000 -1.942000 -121.935749 110.334323
 H   3 2.913000 3.397000 -2.266000 -0.107750 119.131816
 HA  3 1.817000 5.360000 -4.052000 118.115012 109.972388
Before
 N   0 2.670000 1.801000 1.072000 0.000000 0.000000
 CA  0 3.225000 3.144000 1.197000 176.995214 0.000000
 C   0 4.408000 3.341000 0.256000 -171.821157 112.597378
 O   0 4.553000 4.394000 -0.363000 22.010048 120.847742
 CB  0 3.660000 3.405000 2.631000 -122.013897 110.341478
 H   0 2.814000 1.145000 1.809000 0.000000 0.000000
 HA  0 2.482000 3.877000 0.920000 117.981227 109.951728
 N   1 5.252000 2.319000 0.153000 -179.972311 116.177457
 CA  1 6.339000 2.318000 -0.818000 179.132258 121.708614
 C   1 5.817000 2.568000 -2.230000 -176.086109 111.811992
 O   1 6.341000 3.415000 -2.955000 -67.857098 120.775951
 CB  1 7.088000 0.994000 -0.776000 -121.967059 110.443203
 H   1 5.079000 1.491000 0.681000 0.015900 119.154883
 HA  1 7.032000 3.116000 -0.598000 117.958494 110.027299
 N   2 4.783000 1.826000 -2.613000 179.996941 116.187209
 CA  2 4.185000 1.971000 -3.935000 181.942690 121.654531
 C   2 3.638000 3.379000 -4.143000 171.050081 112.773064
 O   2 3.791000 3.962000 -5.217000 24.020983 120.764981
 CB  2 3.071000 0.954000 -4.126000 -122.061775 110.355601
 H   2 4.403000 1.157000 -1.979000 0.035093 119.203705
 HA  2 4.934000 1.813000 -4.698000 117.985591 109.955346
 N   3 3.003000 3.921000 -3.109000 -179.853628 116.223786
 CA  3 2.439000 5.264000 -3.175000 182.383382 121.684433
 C   3 3.535000 6.317000 -3.294000 -171.088949 111.432893
 O   3 3.349000 7.350000 -3.939000 7.877140 120.762917
 CB  3 1.592000 5.543000 -1.942000 -121.935749 110.334323
 H   3 2.913000 3.397000 -2.266000 -0.107750 119.131816
 HA  3 1.817000 5.360000 -4.052000 118.115012 109.972388
After
 N   0 2.670000 1.801000 1.072000 0.000000 0.000000
 CA  0 3.225000 3.144000 1.197000 183.088631 0.000000
 C   0 4.408000 3.341000 0.256000 -173.102482 112.245346
 O   0 4.553000 4.394000 -0.363000 20.767981 120.847742
 CB  0 3.660000 3.405000 2.631000 -122.013897 110.341478
 H   0 2.814000 1.145000 1.809000 0.000000 0.000000
 HA  0 2.482000 3.877000 0.920000 117.981227 109.951728
 N   1 5.252000 2.319000 0.153000 -179.972311 116.177457
 CA  1 6.339000 2.318000 -0.818000 176.828576 121.708614
 C   1 5.817000 2.568000 -2.230000 -167.449980 112.441728
 O   1 6.341000 3.415000 -2.955000 -70.529550 120.775951
 CB  1 7.088000 0.994000 -0.776000 -121.967059 110.443203
 H   1 5.079000 1.491000 0.681000 0.015900 119.154883
 HA  1 7.032000 3.116000 -0.598000 117.958494 110.027299
 N   2 4.783000 1.826000 -2.613000 179.996941 116.187209
 CA  2 4.185000 1.971000 -3.935000 180.501702 121.654531
 C   2 3.638000 3.379000 -4.143000 175.362536 111.354492
 O   2 3.791000 3.962000 -5.217000 29.206848 120.764981
 CB  2 3.071000 0.954000 -4.126000 -122.061775 110.355601
 H   2 4.403000 1.157000 -1.979000 0.035093 119.203705
 HA  2 4.934000 1.813000 -4.698000 117.985591 109.955346
 N   3 3.003000 3.921000 -3.109000 -179.853628 116.223786
 CA  3 2.439000 5.264000 -3.175000 180.758021 121.684433
 C   3 3.535000 6.317000 -3.294000 176.360457 112.571706
 O   3 3.349000 7.350000 -3.939000 -64.434438 120.762917
 CB  3 1.592000 5.543000 -1.942000 -121.935749 110.334323
 H   3 2.913000 3.397000 -2.266000 -0.107750 119.131816
 HA  3 1.817000 5.360000 -4.052000 118.115012 109.972388
Before
 N   0 2.670000 1.801000 1.072000 0.000000 0.000000
 CA  0 3.225000 3.144000 1.197000 183.088631 0.000000
 C   0 4.408000 3.341000 0.256000 -173.102482 112.245346
 O   0 4.553000 4.394000 -0.363000 20.767981 120.847742
 CB  0 3.660000 3.405000 2.631000 -122.013897 110.341478
 H   0 2.814000 1.145000 1.809000 0.000000 0.000000
 HA  0 2.482000 3.877000 0.920000 117.981227 109.951728
 N   1 5.252000 2.319000 0.153000 -179.972311 116.177457
 CA  1 6.339000 2.318000 -0.818000 176.828576 121.708614
 C   1 5.817000 2.568000 -2.230000 -167.449980 112.441728
 O   1 6.341000 3.415000 -2.955000 -70.529550 120.775951
 CB  1 7.088000 0.994000 -0.776000 -121.967059 110.443203
 H   1 5.079000 1.491000 0.681000 0.015900 119.154883
 HA  1 7.032000 3.116000 -0.598000 117.958494 110.027299
 N   2 4.783000 1.826000 -2.613000 179.996941 116.187209
 CA  2 4.185000 1.971000 -3.935000 180.501702 121.654531
 C   2 3.638000 3.379000 -4.143000 175.362536 111.354492
 O   2 3.791000 3.962000 -5.217000 29.206848 120.764981
 CB  2 3.071000 0.954000 -4.126000 -122.061775 110.355601
 H   2 4.403000 1.157000 -1.979000 0.035093 119.203705
 HA  2 4.934000 1.813000 -4.698000 117.985591 109.955346
 N   3 3.003000 3.921000 -3.109000 -179.853628 116.223786
 CA  3 2.439000 5.264000 -3.175000 180.758021 121.684433
 C   3 3.535000 6.317000 -3.294000 176.360457 112.571706
 O   3 3.349000 7.350000 -3.939000 -64.434438 120.762917
 CB  3 1.592000 5.543000 -1.942000 -121.935749 110.334323
 H   3 2.913000 3.397000 -2.266000 -0.107750 119.131816
 HA  3 1.817000 5.360000 -4.052000 118.115012 109.972388
After
 N   0 2.670000 1.801000 1.072000 0.000000 0.000000
 CA  0 3.225000 3.144000 1.197000 181.236018 0.000000
 C   0 4.408000 3.341000 0.256000 165.703872 112.704581
 O   0 4.553000 4.394000 -0.363000 21.363684 120.847742
 CB  0 3.660000 3.405000 2.631000 -122.013897 110.341478
 H   0 2.814000 1.145000 1.809000 0.000000 0.000000
 HA  0 2.482000 3.877000 0.920000 117.981227 109.951728
 N   1 5.252000 2.319000 0.153000 -179.972311 116.177457
 CA  1 6.339000 2.318000 -0.818000 182.076438 121.708614
 C   1 5.817000 2.568000 -2.230000 -176.808947 112.763573
 O   1 6.341000 3.415000 -2.955000 -73.095592 120.775951
 CB  1 7.088000 0.994000 -0.776000 -121.967059 110.443203
 H   1 5.079000 1.491000 0.681000 0.015900 119.154883
 HA  1 7.032000 3.116000 -0.598000 117.958494 110.027299
 N   2 4.783000 1.826000 -2.613000 179.996941 116.187209
 CA  2 4.185000 1.971000 -3.935000 176.248668 121.654531
 C   2 3.638000 3.379000 -4.143000 170.092105 111.543263
 O   2 3.791000 3.962000 -5.217000 -61.271486 120.764981
 CB  2 3.071000 0.954000 -4.126000 -122.061775 110.355601
 H   2 4.403000 1.157000 -1.979000 0.035093 119.203705
 HA  2 4.934000 1.813000 -4.698000 117.985591 109.955346
 N   3 3.003000 3.921000 -3.109000 -179.853628 116.223786
 CA  3 2.439000 5.264000 -3.175000 177.552851 121.684433
 C   3 3.535000 6.317000 -3.294000 -173.912888 111.625706
 O   3 3.349000 7.350000 -3.939000 27.593385 120.762917
 CB  3 1.592000 5.543000 -1.942000 -121.935749 110.334323
 H   3 2.913000 3.397000 -2.266000 -0.107750 119.131816
 HA  3 1.817000 5.360000 -4.052000 118.115012 109.972388
Before
 N   0 2.670000 1.801000 1.072000 0.000000 0.000000
 CA  0 3.225000 3.144000 1.197000 181.236018 0.000000
 C   0 4.408000 3.341000 0.256000 165.703872 112.704581
 O   0 4.553000 4.394000 -0.363000 21.363684 120.847742
 CB  0 3.660000 3.405000 2.631000 -122.013897 110.341478
 H   0 2.814000 1.145000 1.809000 0.000000 0.000000
 HA  0 2.482000 3.877000 0.920000 117.981227 109.951728
 N   1 5.252000 2.319000 0.153000 -179.972311 116.177457
 CA  1 6.339000 2.318000 -0.818000 182.076438 121.708614
 C   1 5.817000 2.568000 -2.230000 -176.808947 112.763573
 O   1 6.341000 3.415000 -2.955000 -73.095592 120.775951
 CB  1 7.088000 0.994000 -0.776000 -121.967059 110.443203
 H   1 5.079000 1.491000 0.681000 0.015900 119.154883
 HA  1 7.032000 3.116000 -0.598000 117.958494 110.027299
 N   2 4.783000 1.826000 -2.613000 179.996941 116.187209
 CA  2 4.185000 1.971000 -3.935000 176.248668 121.654531
 C   2 3.638000 3.379000 -4.143000 170.092105 111.543263
 O   2 3.791000 3.962000 -5.217000 -61.271486 120.764981
 CB  2 3.071000 0.954000 -4.126000 -122.061775 110.355601
 H   2 4.403000 1.157000 -1.979000 0.035093 119.203705
 HA  2 4.934000 1.813000 -4.698000 117.985591 109.955346
 N   3 3.003000 3.921000 -3.109000 -179.853628 116.223786
 CA  3 2.439000 5.264000 -3.175000 177.552851 121.684433
 C   3 3.535000 6.317000 -3.294000 -173.912888 111.625706
 O   3 3.349000 7.350000 -3.939000 27.593385 120.762917
 CB  3 1.592000 5.543000 -1.942000 -121.935749 110.334323
 H   3 2.913000 3.397000 -2.266000 -0.107750 119.131816
 HA  3 1.817000 5.360000 -4.052000 118.115012 109.972388
After
 N   0 2.670000 1.801000 1.072000 0.000000 0.000000
 CA  0 3.225000 3.144000 1.197000 180.109281 0.000000
 C   0 4.408000 3.341000 0.256000 -173.336385 111.466023
 O   0 4.553000 4.394000 -0.363000 4.461666 120.847742
 CB  0 3.660000 3.405000 2.631000 -122.013897 110.341478
 H   0 2.814000 1.145000 1.809000 0.000000 0.000000
 HA  0 2.482000 3.877000 0.920000 117.981227 109.951728
 N   1 5.252000 2.319000 0.153000 -179.972311 116.177457
 CA  1 6.339000 2.318000 -0.818000 184.024514 121.708614
 C   1 5.817000 2.568000 -2.230000 -174.417471 111.133536
 O   1 6.341000 3.415000 -2.955000 -86.592332 120.775951
 CB  1 7.088000 0.994000 -0.776000 -121.967059 110.443203
 H   1 5.079000 1.491000 0.681000 0.015900 119.154883
 HA  1 7.032000 3.116000 -0.598000 117.958494 110.027299
 N   2 4.783000 1.826000 -2.613000 179.996941 116.187209
 CA  2 4.185000 1.971000 -3.935000 179.901986 121.654531
 C   2 3.638000 3.379000 -4.143000 173.409537 112.439536
 O   2 3.791000 3.962000 -5.217000 -68.755461 120.764981
 CB  2 3.071000 0.954000 -4.126000 -122.061775 110.355601
 H   2 4.403000 1.157000 -1.979000 0.035093 119.203705
 HA  2 4.934000 1.813000 -4.698000 117.985591 109.955346
 N   3 3.003000 3.921000 -3.109000 -179.853628 116.223786
 CA  3 2.439000 5.264000 -3.175000 175.578756 121.684433
 C   3 3.535000 6.317000 -3.294000 166.736693 112.705974
 O   3 3.349000 7.350000 -3.939000 -66.618902 120.762917
 CB  3 1.592000 5.543000 -1.942000 -121.935749 110.334323
 H   3 2.913000 3.397000 -2.266000 -0.107750 119.131816
 HA  3 1.817000 5.360000 -4.052000 118.115012 109.972388
